1374	803	598	1	1436	2242	30	4079	1994	4395
2728	1027	4052	1810	227	1104	2190	3401	3279	3427
119	476	3155	4807	931	4919	4335	32	4177	4494
4134	2586	2147	1790	1858	3173	2206	4244	1901	1908
2779	3168	4002	4659	4291	244	2908	2545	3783	2690
2526	4907	4424	702	3647	2026	1481	4909	1761	1418
2965	2490	491	4162	4040	2900	4250	404	2569	2636
4520	4074	188	495	2857	1175	200	1063	1431	895
3007	2744	3240	963	1366	979	2855	889	3342	356
325	2593	2892	4546	2879	2783	2649	3088	4133	1281
4651	2566	66	1399	4240	1126	240	1841	4809	4739
3032	2941	4429	2705	2260	2718	2963	3919	344	1147
4297	74	2597	4345	2662	3242	4885	299	1211	1896
4358	3473	2738	1180	3065	2746	1455	4601	3243	518
4275	4810	3236	1373	4926	707	983	2231	149	3686
4478	3841	3572	886	829	3208	761	3759	576	2388
2436	1675	585	439	3086	955	4231	1520	1999	2503
3533	1988	1629	3463	100	2949	2389	1684	2026	1019
1210	3500	3417	697	663	1064	1379	2067	2867	3401
3451	1574	4019	2791	107	1343	3883	785	143	3500
3585	3513	2941	888	3975	1608	1030	613	3824	2353
2525	2944	2910	1480	3943	3080	2916	3616	1652	905
4705	2236	4812	577	1808	1677	2491	68	1315	4298
2584	2803	3601	4966	2704	44	395	1847	833	1746
1977	4053	86	4624	1906	1986	4279	799	291	1129
3525	1892	2897	3105	1315	577	2188	491	680	4846
2963	4371	1900	4125	2542	1770	4867	649	4426	211
4704	2571	3705	3039	2656	3362	4605	218	552	2602
4648	2846	917	4280	603	3392	3005	199	1044	4801
1892	3785	3483	2422	1207	3153	2397	4881	2795	4959
4849	2450	465	3839	1587	1868	252	1260	4054	8
2647	4729	1982	67	2149	3292	3451	4207	131	4455
357	3691	700	3915	2546	4910	1661	662	3398	1954
4304	1353	3244	993	2298	1883	4374	2072	740	4243
3530	4757	4779	4368	1930	2204	1875	3833	2229	3582
935	3139	1012	4805	699	1926	4590	2982	3654	2175
2490	1055	780	1344	2709	2446	4603	4866	2485	2962
4247	4031	2832	209	1659	2746	3383	130	3693	696
964	635	3579	3807	472	229	1005	1686	88	137
3888	2477	3710	325	1990	1438	2853	736	723	1714
4212	1003	4450	1521	398	2833	1862	1078	1713	2333
500	1486	3490	2397	2824	1468	3764	3007	1043	1486
1636	2230	4994	1850	3252	548	1090	3295	4999	3993
4369	2882	784	645	4570	3905	1709	1350	2270	3627
189	4417	3020	368	1639	1336	1291	2291	2245	2927
927	3925	1702	4794	811	4907	2245	2570	3351	280
1461	3492	3251	2761	4075	5	3875	592	2758	4850
575	608	2538	4394	3426	1039	3913	395	4358	4154
1323	3785	1039	1608	3673	4101	3925	4966	4080	3081
2333	2679	1228	1291	3842	4480	4005	1492	2895	4295
1113	790	3751	14	2496	4112	4857	2708	1349	4000
3202	2405	1490	4864	3841	3294	1344	3250	4423	2373
3960	1765	229	4246	1652	1074	4540	800	2228	3886
3580	4563	1186	1623	3150	531	3590	4327	550	3930
431	1295	181	641	120	59	3577	2938	1670	4814
2283	2534	4724	719	2427	2685	830	1754	3919	2878
3293	2312	4392	1395	4052	542	2214	214	3633	651
2190	3680	350	1107	162	3242	1252	4328	2665	4367
2278	2037	2596	3518	1729	1363	3656	2304	315	2762
4866	3888	4380	1167	3653	603	2297	369	808	4847
1131	618	227	573	4022	2830	3644	3417	4167	4378
4290	2696	2399	2956	695	4107	4620	3424	2647	3171
3737	1866	1276	2589	4651	248	3168	2824	1044	499
4194	528	2321	450	2614	3139	673	3472	4956	1837
4915	2938	1206	1098	1175	1118	2528	2354	870	859
1496	1134	380	4931	7	1774	1590	1785	627	462
3952	1674	762	4953	4032	3726	1960	4484	455	1034
2136	1453	2332	330	3155	3480	4693	471	2215	88
3604	1608	2394	1881	3273	2432	2426	161	4021	3362
2061	3836	468	3827	2217	427	1771	4025	2884	4312
4526	2146	3568	1745	4178	685	3997	4672	4831	4699
806	593	3361	3451	1974	3640	688	2725	2615	4752
3025	1843	2740	2710	990	668	3114	678	2457	1619
3298	1613	2690	4175	4854	3555	4168	1452	3603	4588
2416	3544	2295	1540	4403	2048	2476	1803	1962	3782
4799	2005	4712	2262	898	3731	2320	425	3207	2863
838	3872	4453	2068	67	1933	1756	3781	2027	3060
3158	1237	4391	3084	4875	1147	330	2874	3147	2986
478	2209	1710	4936	2175	2575	3136	2848	3873	3822
1449	4846	2343	2513	2386	1450	392	4703	4287	1622
4779	1251	604	3835	2079	4647	139	3614	2475	2281
1782	4321	3851	2895	817	1309	494	2210	4018	1815
2749	12	1052	1472	3478	2342	2641	365	2543	273
3793	628	2556	3142	815	2868	1382	3243	4007	43
3512	2815	4222	3170	1794	2887	4296	946	821	2657
4770	1488	1996	3071	2971	3029	1807	1260	3758	3511
1225	2604	3778	1403	95	465	4661	1189	1221	574
184	4188	3768	2288	3835	115	2837	1353	4840	4586
3580	702	1343	4851	253	3131	3790	908	4139	1753
3202	3978	2104	1438	4600	4558	4572	988	3583	1923
3342	957	1760	2773	4675	1002	2604	4279	2362	2641
4287	2690	2655	4298	594	420	4773	3884	3337	3103
1947	4502	1409	4334	3640	3174	2002	4790	2820	2320
3468	2075	4395	4051	538	535	82	65	4563	2731
4994	2449	3575	489	1013	2495	2427	4480	4256	4282
1551	2673	2758	1019	3663	1387	933	3337	3236	996
4263	3860	335	3900	4599	4573	2249	721	80	2253
2392	1523	2357	4906	4341	1997	1554	4506	790	4724
3560	2578	1074	4953	2830	136	336	1355	4643	705
1875	1748	2015	736	4094	3362	3146	33	3418	1152